Game is a WIN
KTS  ID    FD  KD  LT
23   17    12  11  11
27   14    11  16  16
31   25    17  14  14
32   29    20  12  12
32   24    16  16  16
32   21    14  18  18
33   20    14  19  19
33   13    10  23  23
33   12    10  23  23
34   11    8   26  26
34   9     7   27  27
34   3     3   31  31
35   1     1   34  34
41   18    -1  42  29
41   22    -1  42  26
41   16    41  0   30
42   27    -1  43  23
42   30    -1  43  22
42   23    42  0   26
43   4     4   39  39
43   15    40  3   32
43   10    36  7   36
44   28    33  11  25
44   26    33  11  27
44   19    13  31  31
45   8     5   40  40
45   7     5   40  40
45   6     4   41  41
46   5     4   42  42
46   2     3   43  43
----------------------
----------------------
Castle total damage :245.750290
Castle total taken damage :-6277438562204192487878988888393020692503707483087375482269988814848.000000
Total enemies :30
Total dead enemies :30
Average first shot delay :2.466667
Average kill delay :24.933332
