Game is a WIN
KTS  ID    FD  KD  LT
26   14    11  15  15
29   17    12  17  17
32   20    14  18  18
33   9     7   26  26
34   25    17  17  17
34   29    20  14  14
36   12    10  26  26
37   24    16  21  21
38   21    14  24  24
38   3     3   35  35
38   1     1   37  37
41   13    10  31  31
41   10    -1  42  34
42   11    8   34  34
43   4     4   39  39
44   19    13  31  31
44   15    44  0   33
45   16    45  0   34
45   18    45  0   33
47   22    46  1   32
47   27    47  0   28
47   30    47  0   27
48   28    35  13  29
48   26    35  13  31
48   23    46  2   32
49   8     5   44  44
49   7     5   44  44
49   6     4   45  45
50   5     4   46  46
50   2     3   47  47
----------------------
----------------------
Castle total damage :294.938599
Castle total taken damage :35.787300
Total enemies :30
Total dead enemies :30
Average first shot delay :8.066667
Average kill delay :22.733334
