80 5 12
40
1 0 1 10 5 4 2
2 1 1 12 5 4 5
3 0 1 15 5 3 1
4 2 2 21 7 2 3
5 1 2 15 6 3 1
6 0 2 12 8 6 4
7 1 2 15 8 3 1
8 0 3 30 6 3 3
9 2 3 15 5 3 1
10 1 3 21 10 6 1
11 0 4 10 11 4 2
12 1 4 12 15 4 5
13 0 4 20 5 3 1
14 2 5 12 5 4 5
15 1 6 15 8 3 1
16 1 7 12 3 4 5
17 1 7 12 12 4 5
18 1 8 15 14 3 1
19 0 8 25 5 3 1
20 2 10 21 18 2 3
21 0 10 13 20 4 2
22 0 10 14 11 2 3
23 0 11 17 8 4 2
24 0 11 19 7 4 5
25 2 11 21 16 2 3
26 2 12 10 6 4 2
27 0 12 7 8 3 1
28 2 13 21 14 2 3
29 1 13 10 19 4 2
30 0 14 11 4 3 1
31 0 15 13 3 2 3
32 2 15 10 2 4 2
33 2 17 21 18 2 3
34 0 18 8 10 3 2
35 0 20 19 10 4 5
36 1 20 15 9 3 1
37 2 21 21 8 2 3
38 1 22 10 7 4 2
39 0 25 20 15 4 5
40 2 30 15 17 4 4