Game is a WIN
KTS  ID    FD  KD  LT
27   20    27  0   13
27   14    27  0   16
30   17    30  0   18
34   9     34  0   27
36   25    36  0   19
36   1     36  0   35
39   29    39  0   19
39   21    39  0   25
39   3     39  0   36
40   12    40  0   30
48   13    48  0   38
51   11    51  0   43
52   24    52  0   36
75   28    75  0   56
75   4     75  0   71
78   16    78  0   67
85   22    85  0   70
89   15    89  0   78
90   6     90  0   86
91   30    91  0   71
92   8     92  0   87
92   18    92  0   80
93   10    93  0   86
93   23    93  0   77
93   27    93  0   74
97   26    97  0   80
102  7     102 0   97
104  5     104 0   100
116  2     116 0   113
125  19    125 0   112
----------------------
----------------------
Castle total damage :
Total enemies :
Average first shot delay :
Average kill delay :
