Game is a WIN
KTS  ID    FD  KD  LT
25   17    12  13  13
31   25    17  14  14
31   14    11  20  20
32   29    20  12  12
32   20    14  18  18
34   24    16  18  18
34   13    10  24  24
34   1     1   33  33
35   21    14  21  21
35   12    10  25  25
35   11    8   27  27
36   9     7   29  29
36   3     3   33  33
37   4     4   33  33
37   15    -1  38  26
37   10    37  0   30
38   16    38  0   27
39   18    -1  40  27
39   23    -1  40  23
41   27    -1  42  22
41   30    -1  42  21
41   22    41  0   26
42   28    33  9   23
42   26    35  7   25
42   19    13  29  29
43   8     5   38  38
43   7     5   38  38
43   6     4   39  39
44   5     4   40  40
44   2     3   41  41
----------------------
----------------------
Castle total damage :226.226196
Castle total taken damage :39.506084
Total enemies :30
Total dead enemies :30
Average first shot delay :1.066667
Average kill delay :25.433332
