Game is a WIN
KTS  ID    FD  KD  LT
25   14    11  14  14
27   17    12  15  15
31   12    10  21  21
32   9     7   25  25
34   24    16  18  18
34   25    17  17  17
34   29    20  14  14
34   3     3   31  31
34   1     1   33  33
35   21    14  21  21
35   20    14  21  21
35   13    10  25  25
36   11    8   28  28
37   4     4   33  33
37   15    -1  38  26
37   10    37  0   30
38   16    38  0   27
39   18    -1  40  27
39   23    -1  40  23
41   27    -1  42  22
41   30    -1  42  21
41   22    41  0   26
42   28    35  7   23
42   26    35  7   25
42   19    13  29  29
43   8     5   38  38
43   7     5   38  38
43   6     4   39  39
44   5     4   40  40
44   2     3   41  41
----------------------
----------------------
Castle total damage :226.832504
Castle total taken damage :34.190086
Total enemies :30
Total dead enemies :30
Average first shot delay :1.133333
Average kill delay :25.233334
