Game is a WIN
KTS  ID    FD  KD  LT
18   3     18  0   15
24   9     24  0   17
29   20    29  0   15
30   14    30  0   19
31   25    31  0   14
35   17    35  0   23
35   12    35  0   25
35   29    35  0   15
36   21    36  0   22
40   1     40  0   39
43   11    43  0   35
51   24    51  0   35
52   13    52  0   42
59   28    59  0   40
62   19    62  0   49
67   16    67  0   56
71   4     71  0   67
72   22    72  0   57
73   30    73  0   53
76   10    76  0   69
76   15    76  0   65
77   18    77  0   65
78   23    78  0   62
79   6     79  0   75
80   27    80  0   61
82   2     82  0   79
91   26    91  0   74
92   8     92  0   87
103  7     103 0   98
114  5     114 0   110
----------------------
----------------------
Castle total damage :
Total enemies :
Average first shot delay :
Average kill delay :
