Game is a WIN
KTS  ID    FD  KD  LT
18   3     3   15  15
26   9     7   19  19
28   17    12  16  16
33   20    14  19  19
34   14    11  23  23
38   29    20  18  18
38   1     1   37  37
38   25    17  21  21
38   12    10  28  28
38   11    8   30  30
38   21    34  4   24
45   13    10  35  35
54   24    16  38  38
73   28    37  36  54
76   4     4   72  72
84   19    13  71  71
86   22    68  18  71
87   30    73  14  67
87   15    61  26  76
90   23    69  21  74
91   26    41  50  74
91   27    72  19  72
91   10    57  34  84
92   8     5   87  87
92   18    65  27  80
92   16    64  28  81
97   2     3   94  94
98   6     4   94  94
100  7     5   95  95
129  5     4   125 125
----------------------
----------------------
Castle total damage :548.663147
Total enemies :0
Average first shot delay :16.000000
Average kill delay :40.466667
